100
344 214 234 4536 234 4536
352 8217 7140 8819 1045 5656
6378 4234 4157 1863 6633 4424
8705 7131 7130 3322 897 2200
149 5842 1980 6377 3186 86
6916 1408 8168 3868 7669 4608
9208 8955 1710 9942 6013 2441
9601 473 8543 3324 2940 285
7827 7888 2658 2029 3758 9290
9055 6192 9227 5158 3759 8310
4141 9067 6249 3812 9111 209
4553 6357 4128 6475 107 9002
8572 2693 4431 7614 4849 8924
9958 3577 3477 2853 6095 9687
3589 2596 8523 5605 8666 4621
1370 4176 1512 337 8042 6784
6757 567 345 345 345 345
2513 8816 7986 1228 9168 6562
8196 2751 9155 6856 9798 501
8008 2876 8391 4642 7246 5916
7870 6230 5912 800 8857 5594
1073 5237 6350 5054 1187 8763
4117 7314 3135 3302 4139 2371
8875 3719 5008 4604 8582 5477
5556 9284 9166 1503 9582 4911
6520 7149 8979 7280 6101 5784
7412 4788 3152 1586 8491 8940
996 5959 4054 7166 5201 9114
9290 5188 1616 2471 2938 4854
5703 4676 5702 1114 7996 1965
3726 4459 3712 6845 809 635
8624 8020 363 1885 2928 6752
7117 9107 411 3461 8463 2884
1264 1643 70 9592 2775 4634
7454 1461 1349 5059 1494 2433
9487 1917 6454 6351 2025 9461
1901 6610 6130 9667 8755 9259
391 5243 9544 7053 2216 6896
4766 6708 8256 128 7543 9327
7870 2349 1148 342 4507 7857
6594 5034 6393 1518 1349 5359
7426 814 8788 1401 1486 2599
4968 7105 1283 3453 8461 5757
987 3307 5426 8623 5071 8673
2180 2310 4251 5349 309 2708
9759 7935 4389 3651 1470 2379
1196 3841 5682 3658 4812 297
867 7433 5053 2232 5363 8688
9189 5864 3775 5134 2735 7211
2620 3487 6524 9981 1804 3406
1650 5598 4835 3325 7467 2374
7125 8043 3520 8941 1590 936
43 119 7028 3173 871 2440
2970 1894 2164 2352 5686 3086
2320 3326 7793 9152 3574 2010
7329 8705 7682 4313 2180 5975
2835 5546 832 3552 6103 8745
4598 6668 6939 7912 1545 5531
6311 3214 9747 2477 8972 5308
2799 156 5391 3073 1059 7924
1356 3800 8292 634 998 2790
4981 1328 9902 5584 5469 198
3742 547 2652 7115 9008 3040
515 1059 8156 878 2403 4605
6657 6733 8604 3925 4842 149
2786 3002 271 2367 5292 761
6090 2790 6534 9432 8655 7260
6980 5255 5395 1401 3891 5111
7187 7692 3454 8974 9805 8707
4934 9469 1652 4544 3596 4181
4641 3039 3337 6317 6154 1838
7841 9866 3516 6287 3505 3274
9314 565 1218 4272 4043 7648
6313 8016 3157 1137 1966 3252
295 7419 5375 2105 8570 5691
3127 2762 5357 448 4571 4483
8284 5264 2098 1831 2411 5833
4527 2997 1379 3445 4793 1630
4199 9302 8902 6607 4745 5838
5163 3457 1407 6339 901 1145
5576 1880 2451 3595 5372 6374
8867 5903 7667 732 535 359
7120 5143 2421 1562 9351 2729
8061 7104 1434 2364 3535 8053
5230 2691 3755 6096 3987 495
5715 7868 4679 8083 8230 3859
672 5735 8078 6821 9042 865
1881 5395 7559 6656 7399 3899
2343 9450 453 8278 5285 682
4845 4876 7319 5319 8313 5649
6905 9649 7146 1254 6373 6430
4162 91 2852 9061 1683 9299
458 166 2997 704 8411 7379
116 6529 1673 2990 6559 1078
1776 605 3648 4119 5997 9501
4297 9495 2897 8036 3972 4187
4726 7133 8542 3845 6054 8377
4275 5073 4711 3687 3769 2256
9725 8521 206 946 4928 6855
2215 6620 9080 9393 1960 1330