605293 606510 341
956739 956006 0
826611 825983 0
756134 756776 362
478642 479101 338
815892 815933 269
719220 719135 0
929349 929040 0
948351 948681 326
491808 491202 0
504516 507852 382
604712 604712 67
436809 436182 0
630804 630542 0
975948 975688 0
945718 945752 202
747700 747747 243
652581 653137 336
824003 823974 0
655077 655161 186
567537 567893 346
851101 851038 0
524621 524569 0
549210 549073 0
782205 782263 287
422252 422691 325
285142 285524 376
478472 479285 338
485461 484957 0
748121 748121 256
823874 824088 238
359661 358904 0
388654 388444 0
981428 981459 184
830977 832487 419
654572 654612 248
240125 241624 368
532347 536933 377
545105 545167 209
850670 851113 357
978562 976960 0
319662 322868 371
560495 559981 0
831101 831011 0
784445 782843 0
859271 859331 295
998394 998498 277
975465 975228 0
687538 680880 0
786313 786051 0
780568 780732 300
363174 361163 0
261481 261858 288
908012 909802 370
984442 984350 0
931890 931544 0
788836 791387 406
919454 919499 202
575642 575716 297
915504 916839 339
285788 285880 252
919365 918704 0
827554 827930 313
850429 850334 0
737959 737960 150
809210 810518 406
974713 974143 0
456486 455019 0
727712 727631 0
743706 745566 318
465147 463724 0
945152 944673 0
776248 775948 0
541191 542743 364
256518 255672 0
947523 950576 383
423648 421688 0
574485 575669 328
588113 587943 0
748123 748033 0
930036 929896 0
982165 982843 383
806280 806281 70
379341 379868 361
155281 158691 383
854261 855194 357
827665 827456 0
806029 805322 0
276791 280194 389
655238 655329 292
358577 358839 348
842747 844169 388
612687 612358 0
810273 809602 0
431700 431055 0
281758 283365 358
984263 984008 0
884741 885879 370
724852 724070 0
869222 869573 388
