100
62 88 20 5
32 47 46 80
11 98 25 29
84 85 72 88
35 54 85 23
29 74 22 9
49 71 13 10
10 83 97 22
28 98 46 69
1 12 23 44
0 73 37 0
10 41 64 61
76 84 51 49
11 14 37 25
12 35 47 50
25 97 48 45
5 14 17 94
16 90 68 92
44 64 74 5
66 85 14 90
40 51 17 65
3 42 15 6
9 29 26 62
34 59 39 74
20 26 94 8
0 11 27 62
44 67 30 53
43 85 88 44
61 83 38 57
16 55 84 53
16 25 11 62
75 89 1 2
10 61 24 95
9 62 6 51
4 28 66 88
48 84 83 54
12 97 52 22
27 80 5 88
3 43 71 68
22 92 53 24
72 84 46 78
4 81 86 62
28 45 29 86
21 82 46 79
31 43 23 26
72 83 75 66
3 89 25 67
14 72 38 61
2 7 84 71
33 64 9 22
8 61 96 90
69 81 77 94
21 53 77 0
56 66 12 52
8 71 22 89
43 51 46 12
10 83 74 82
4 17 30 35
64 78 45 78
73 99 52 22
22 46 2 81
33 89 49 66
23 56 7 0
35 98 18 17
80 92 36 87
70 79 57 0
45 48 21 57
61 68 90 19
22 43 28 31
80 88 96 85
3 37 90 3
21 87 19 9
48 65 44 55
18 55 19 54
11 52 20 92
12 24 67 63
46 86 26 96
27 81 82 23
26 70 57 73
34 99 64 76
31 34 5 61
15 38 90 24
16 78 2 11
26 28 66 22
18 72 51 93
16 51 21 34
42 59 42 78
6 45 79 58
37 71 75 36
60 86 16 17
28 29 9 71
6 93 79 76
11 21 14 30
16 37 31 87
27 65 72 25
71 84 60 4
40 55 94 87
4 53 34 62
33 85 91 43
26 71 89 22

